L 		xbar		ybar		zbar
380.000000	0.000160	0.000017	0.000705
381.000000	0.000260	0.000028	0.001150
382.000000	0.000361	0.000039	0.001594
383.000000	0.000461	0.000050	0.002039
384.000000	0.000562	0.000061	0.002483
385.000000	0.000662	0.000072	0.002928
386.000000	0.001002	0.000108	0.004439
387.000000	0.001342	0.000144	0.005950
388.000000	0.001682	0.000181	0.007460
389.000000	0.002022	0.000217	0.008971
390.000000	0.002362	0.000253	0.010482
391.000000	0.003338	0.000356	0.014854
392.000000	0.004314	0.000459	0.019227
393.000000	0.005290	0.000563	0.023599
394.000000	0.006266	0.000666	0.027972
395.000000	0.007242	0.000769	0.032344
396.000000	0.009616	0.001016	0.043077
397.000000	0.011989	0.001263	0.053811
398.000000	0.014363	0.001510	0.064544
399.000000	0.016736	0.001757	0.075278
400.000000	0.019110	0.002004	0.086011
401.000000	0.023968	0.002505	0.108233
402.000000	0.028826	0.003006	0.130455
403.000000	0.033684	0.003507	0.152676
404.000000	0.038542	0.004008	0.174898
405.000000	0.043400	0.004509	0.197120
406.000000	0.051667	0.005358	0.235569
407.000000	0.059934	0.006208	0.274018
408.000000	0.068202	0.007057	0.312468
409.000000	0.076469	0.007907	0.350917
410.000000	0.084736	0.008756	0.389366
411.000000	0.095916	0.009896	0.442845
412.000000	0.107097	0.011036	0.496324
413.000000	0.118277	0.012176	0.549802
414.000000	0.129458	0.013316	0.603281
415.000000	0.140638	0.014456	0.656760
416.000000	0.153409	0.015843	0.719916
417.000000	0.166180	0.017230	0.783073
418.000000	0.178950	0.018617	0.846229
419.000000	0.191721	0.020004	0.909386
420.000000	0.204492	0.021391	0.972542
421.000000	0.216541	0.023012	1.034534
422.000000	0.228590	0.024633	1.096525
423.000000	0.240639	0.026255	1.158517
424.000000	0.252688	0.027876	1.220508
425.000000	0.264737	0.029497	1.282500
426.000000	0.274725	0.031333	1.336696
427.000000	0.284714	0.033169	1.390892
428.000000	0.294702	0.035004	1.445088
429.000000	0.304691	0.036840	1.499284
430.000000	0.314679	0.038676	1.553480
431.000000	0.323287	0.040861	1.602484
432.000000	0.331895	0.043046	1.651488
433.000000	0.340503	0.045232	1.700492
434.000000	0.349111	0.047417	1.749496
435.000000	0.357719	0.049602	1.798500
436.000000	0.362922	0.052097	1.832256
437.000000	0.368125	0.054592	1.866012
438.000000	0.373328	0.057087	1.899768
439.000000	0.378531	0.059582	1.933524
440.000000	0.383734	0.062077	1.967280
441.000000	0.384332	0.064602	1.979284
442.000000	0.384931	0.067128	1.991288
443.000000	0.385529	0.069653	2.003292
444.000000	0.386128	0.072179	2.015296
445.000000	0.386726	0.074704	2.027300
446.000000	0.383521	0.077654	2.020800
447.000000	0.380316	0.080605	2.014300
448.000000	0.377112	0.083555	2.007800
449.000000	0.373907	0.086506	2.001300
450.000000	0.370702	0.089456	1.994800
451.000000	0.365153	0.092816	1.975980
452.000000	0.359604	0.096176	1.957160
453.000000	0.354055	0.099536	1.938340
454.000000	0.348506	0.102896	1.919520
455.000000	0.342957	0.106256	1.900700
456.000000	0.334820	0.110645	1.869634
457.000000	0.326683	0.115034	1.838568
458.000000	0.318547	0.119423	1.807502
459.000000	0.310410	0.123812	1.776436
460.000000	0.302273	0.128201	1.745370
461.000000	0.292635	0.133113	1.707276
462.000000	0.282998	0.138025	1.669182
463.000000	0.273360	0.142937	1.631088
464.000000	0.263723	0.147849	1.592994
465.000000	0.254085	0.152761	1.554900
466.000000	0.242392	0.159247	1.507432
467.000000	0.230698	0.165733	1.459964
468.000000	0.219005	0.172218	1.412496
469.000000	0.207311	0.178704	1.365028
470.000000	0.195618	0.185190	1.317560
471.000000	0.182964	0.192140	1.260088
472.000000	0.170310	0.199090	1.202616
473.000000	0.157657	0.206040	1.145144
474.000000	0.145003	0.212990	1.087672
475.000000	0.132349	0.219940	1.030200
476.000000	0.121981	0.226670	0.978585
477.000000	0.111612	0.233400	0.926970
478.000000	0.101244	0.240129	0.875355
479.000000	0.090875	0.246859	0.823740
480.000000	0.080507	0.253589	0.772125
481.000000	0.072620	0.262404	0.731712
482.000000	0.064733	0.271219	0.691299
483.000000	0.056846	0.280035	0.650886
484.000000	0.048959	0.288850	0.610473
485.000000	0.041072	0.297665	0.570060
486.000000	0.036092	0.305959	0.539099
487.000000	0.031112	0.314252	0.508138
488.000000	0.026132	0.322546	0.477176
489.000000	0.021152	0.330839	0.446215
490.000000	0.016172	0.339133	0.415254
491.000000	0.013964	0.350382	0.392674
492.000000	0.011756	0.361631	0.370095
493.000000	0.009548	0.372881	0.347515
494.000000	0.007340	0.384130	0.324936
495.000000	0.005132	0.395379	0.302356
496.000000	0.004869	0.408459	0.285585
497.000000	0.004606	0.421538	0.268814
498.000000	0.004342	0.434618	0.252044
499.000000	0.004079	0.447697	0.235273
500.000000	0.003816	0.460777	0.218502
501.000000	0.006142	0.474894	0.206651
502.000000	0.008467	0.489010	0.194801
503.000000	0.010793	0.503127	0.182950
504.000000	0.013118	0.517243	0.171100
505.000000	0.015444	0.531360	0.159249
506.000000	0.019848	0.546436	0.149808
507.000000	0.024252	0.561512	0.140367
508.000000	0.028657	0.576589	0.130926
509.000000	0.033061	0.591665	0.121485
510.000000	0.037465	0.606741	0.112044
511.000000	0.044244	0.622525	0.106085
512.000000	0.051022	0.638309	0.100126
513.000000	0.057801	0.654092	0.094166
514.000000	0.064579	0.669876	0.088207
515.000000	0.071358	0.685660	0.082248
516.000000	0.080636	0.700879	0.077940
517.000000	0.089914	0.716099	0.073632
518.000000	0.099193	0.731318	0.069325
519.000000	0.108471	0.746538	0.065017
520.000000	0.117749	0.761757	0.060709
521.000000	0.128790	0.774072	0.057177
522.000000	0.139831	0.786386	0.053645
523.000000	0.150871	0.798701	0.050114
524.000000	0.161912	0.811015	0.046582
525.000000	0.172953	0.823330	0.043050
526.000000	0.185661	0.833706	0.040530
527.000000	0.198368	0.844082	0.038010
528.000000	0.211076	0.854459	0.035491
529.000000	0.223783	0.864835	0.032971
530.000000	0.236491	0.875211	0.030451
531.000000	0.250035	0.884931	0.028478
532.000000	0.263580	0.894651	0.026504
533.000000	0.277124	0.904370	0.024531
534.000000	0.290669	0.914090	0.022557
535.000000	0.304213	0.923810	0.020584
536.000000	0.318725	0.931446	0.019202
537.000000	0.333237	0.939081	0.017821
538.000000	0.347748	0.946717	0.016439
539.000000	0.362260	0.954352	0.015058
540.000000	0.376772	0.961988	0.013676
541.000000	0.391734	0.966030	0.012524
542.000000	0.406697	0.970073	0.011373
543.000000	0.421659	0.974115	0.010221
544.000000	0.436622	0.978158	0.009070
545.000000	0.451584	0.982200	0.007918
546.000000	0.467232	0.984112	0.007132
547.000000	0.482881	0.986024	0.006346
548.000000	0.498529	0.987937	0.005560
549.000000	0.514178	0.989849	0.004774
550.000000	0.529826	0.991761	0.003988
551.000000	0.547071	0.993231	0.003409
552.000000	0.564317	0.994701	0.002829
553.000000	0.581562	0.996170	0.002250
554.000000	0.598808	0.997640	0.001670
555.000000	0.616053	0.999110	0.001091
556.000000	0.633887	0.998756	0.000873
557.000000	0.651721	0.998402	0.000655
558.000000	0.669556	0.998048	0.000436
559.000000	0.687390	0.997694	0.000218
560.000000	0.705224	0.997340	0.000000
561.000000	0.722946	0.994348	0.000000
562.000000	0.740667	0.991356	0.000000
563.000000	0.758389	0.988364	0.000000
564.000000	0.776110	0.985372	0.000000
565.000000	0.793832	0.982380	0.000000
566.000000	0.810797	0.977014	0.000000
567.000000	0.827761	0.971649	0.000000
568.000000	0.844726	0.966283	0.000000
569.000000	0.861690	0.960918	0.000000
570.000000	0.878655	0.955552	0.000000
571.000000	0.893156	0.947477	0.000000
572.000000	0.907658	0.939401	0.000000
573.000000	0.922159	0.931326	0.000000
574.000000	0.936661	0.923250	0.000000
575.000000	0.951162	0.915175	0.000000
576.000000	0.963762	0.905927	0.000000
577.000000	0.976361	0.896679	0.000000
578.000000	0.988961	0.887430	0.000000
579.000000	1.001560	0.878182	0.000000
580.000000	1.014160	0.868934	0.000000
581.000000	1.026188	0.860272	0.000000
582.000000	1.038216	0.851610	0.000000
583.000000	1.050244	0.842947	0.000000
584.000000	1.062272	0.834285	0.000000
585.000000	1.074300	0.825623	0.000000
586.000000	1.083144	0.815979	0.000000
587.000000	1.091988	0.806336	0.000000
588.000000	1.100832	0.796692	0.000000
589.000000	1.109676	0.787049	0.000000
590.000000	1.118520	0.777405	0.000000
591.000000	1.121676	0.765995	0.000000
592.000000	1.124832	0.754584	0.000000
593.000000	1.127988	0.743174	0.000000
594.000000	1.131144	0.731763	0.000000
595.000000	1.134300	0.720353	0.000000
596.000000	1.132238	0.707951	0.000000
597.000000	1.130176	0.695548	0.000000
598.000000	1.128114	0.683146	0.000000
599.000000	1.126052	0.670743	0.000000
600.000000	1.123990	0.658341	0.000000
601.000000	1.117012	0.645448	0.000000
602.000000	1.110034	0.632556	0.000000
603.000000	1.103056	0.619663	0.000000
604.000000	1.096078	0.606771	0.000000
605.000000	1.089100	0.593878	0.000000
606.000000	1.077376	0.580695	0.000000
607.000000	1.065652	0.567512	0.000000
608.000000	1.053928	0.554329	0.000000
609.000000	1.042204	0.541146	0.000000
610.000000	1.030480	0.527963	0.000000
611.000000	1.014532	0.514737	0.000000
612.000000	0.998584	0.501511	0.000000
613.000000	0.982636	0.488286	0.000000
614.000000	0.966688	0.475060	0.000000
615.000000	0.950740	0.461834	0.000000
616.000000	0.931851	0.449079	0.000000
617.000000	0.912963	0.436323	0.000000
618.000000	0.894074	0.423568	0.000000
619.000000	0.875186	0.410812	0.000000
620.000000	0.856297	0.398057	0.000000
621.000000	0.836024	0.386356	0.000000
622.000000	0.815750	0.374656	0.000000
623.000000	0.795477	0.362955	0.000000
624.000000	0.775203	0.351255	0.000000
625.000000	0.754930	0.339554	0.000000
626.000000	0.733437	0.328342	0.000000
627.000000	0.711945	0.317130	0.000000
628.000000	0.690452	0.305917	0.000000
629.000000	0.668960	0.294705	0.000000
630.000000	0.647467	0.283493	0.000000
631.000000	0.624996	0.272445	0.000000
632.000000	0.602524	0.261397	0.000000
633.000000	0.580053	0.250350	0.000000
634.000000	0.557581	0.239302	0.000000
635.000000	0.535110	0.228254	0.000000
636.000000	0.514401	0.218569	0.000000
637.000000	0.493693	0.208884	0.000000
638.000000	0.472984	0.199198	0.000000
639.000000	0.452276	0.189513	0.000000
640.000000	0.431567	0.179828	0.000000
641.000000	0.413992	0.171905	0.000000
642.000000	0.396416	0.163981	0.000000
643.000000	0.378841	0.156058	0.000000
644.000000	0.361265	0.148134	0.000000
645.000000	0.343690	0.140211	0.000000
646.000000	0.328618	0.133695	0.000000
647.000000	0.313546	0.127180	0.000000
648.000000	0.298473	0.120664	0.000000
649.000000	0.283401	0.114149	0.000000
650.000000	0.268329	0.107633	0.000000
651.000000	0.255523	0.102344	0.000000
652.000000	0.242717	0.097055	0.000000
653.000000	0.229912	0.091765	0.000000
654.000000	0.217106	0.086476	0.000000
655.000000	0.204300	0.081187	0.000000
656.000000	0.193954	0.077006	0.000000
657.000000	0.183607	0.072825	0.000000
658.000000	0.173261	0.068643	0.000000
659.000000	0.162914	0.064462	0.000000
660.000000	0.152568	0.060281	0.000000
661.000000	0.144496	0.057044	0.000000
662.000000	0.136425	0.053807	0.000000
663.000000	0.128353	0.050570	0.000000
664.000000	0.120282	0.047333	0.000000
665.000000	0.112210	0.044096	0.000000
666.000000	0.106020	0.041637	0.000000
667.000000	0.099830	0.039178	0.000000
668.000000	0.093641	0.036718	0.000000
669.000000	0.087451	0.034259	0.000000
670.000000	0.081261	0.031800	0.000000
671.000000	0.076595	0.029960	0.000000
672.000000	0.071929	0.028121	0.000000
673.000000	0.067262	0.026281	0.000000
674.000000	0.062596	0.024442	0.000000
675.000000	0.057930	0.022602	0.000000
676.000000	0.054514	0.021263	0.000000
677.000000	0.051098	0.019923	0.000000
678.000000	0.047683	0.018584	0.000000
679.000000	0.044267	0.017244	0.000000
680.000000	0.040851	0.015905	0.000000
681.000000	0.038405	0.014950	0.000000
682.000000	0.035960	0.013995	0.000000
683.000000	0.033514	0.013040	0.000000
684.000000	0.031069	0.012085	0.000000
685.000000	0.028623	0.011130	0.000000
686.000000	0.026887	0.010454	0.000000
687.000000	0.025150	0.009778	0.000000
688.000000	0.023414	0.009101	0.000000
689.000000	0.021677	0.008425	0.000000
690.000000	0.019941	0.007749	0.000000
691.000000	0.018721	0.007274	0.000000
692.000000	0.017501	0.006799	0.000000
693.000000	0.016282	0.006325	0.000000
694.000000	0.015062	0.005850	0.000000
695.000000	0.013842	0.005375	0.000000
696.000000	0.012989	0.005044	0.000000
697.000000	0.012136	0.004712	0.000000
698.000000	0.011283	0.004381	0.000000
699.000000	0.010430	0.004049	0.000000
700.000000	0.009577	0.003718	0.000000
701.000000	0.008983	0.003487	0.000000
702.000000	0.008388	0.003257	0.000000
703.000000	0.007794	0.003026	0.000000
704.000000	0.007199	0.002796	0.000000
705.000000	0.006605	0.002565	0.000000
706.000000	0.006195	0.002406	0.000000
707.000000	0.005784	0.002246	0.000000
708.000000	0.005374	0.002087	0.000000
709.000000	0.004963	0.001927	0.000000
710.000000	0.004553	0.001768	0.000000
711.000000	0.004271	0.001659	0.000000
712.000000	0.003990	0.001550	0.000000
713.000000	0.003708	0.001440	0.000000
714.000000	0.003427	0.001331	0.000000
715.000000	0.003145	0.001222	0.000000
716.000000	0.002951	0.001147	0.000000
717.000000	0.002757	0.001072	0.000000
718.000000	0.002563	0.000996	0.000000
719.000000	0.002369	0.000921	0.000000
720.000000	0.002175	0.000846	0.000000
721.000000	0.002041	0.000794	0.000000
722.000000	0.001907	0.000742	0.000000
723.000000	0.001774	0.000690	0.000000
724.000000	0.001640	0.000638	0.000000
725.000000	0.001506	0.000586	0.000000
726.000000	0.001414	0.000550	0.000000
727.000000	0.001322	0.000514	0.000000
728.000000	0.001229	0.000479	0.000000
729.000000	0.001137	0.000443	0.000000
730.000000	0.001045	0.000407	0.000000
731.000000	0.000981	0.000382	0.000000
732.000000	0.000918	0.000358	0.000000
733.000000	0.000854	0.000333	0.000000
734.000000	0.000791	0.000309	0.000000
735.000000	0.000727	0.000284	0.000000
736.000000	0.000683	0.000267	0.000000
737.000000	0.000639	0.000250	0.000000
738.000000	0.000596	0.000233	0.000000
739.000000	0.000552	0.000216	0.000000
740.000000	0.000508	0.000199	0.000000
741.000000	0.000478	0.000187	0.000000
742.000000	0.000447	0.000175	0.000000
743.000000	0.000417	0.000164	0.000000
744.000000	0.000386	0.000152	0.000000
745.000000	0.000356	0.000140	0.000000
746.000000	0.000335	0.000132	0.000000
747.000000	0.000314	0.000123	0.000000
748.000000	0.000293	0.000115	0.000000
749.000000	0.000272	0.000106	0.000000
750.000000	0.000251	0.000098	0.000000
751.000000	0.000236	0.000092	0.000000
752.000000	0.000222	0.000087	0.000000
753.000000	0.000207	0.000081	0.000000
754.000000	0.000193	0.000076	0.000000
755.000000	0.000178	0.000070	0.000000
756.000000	0.000168	0.000066	0.000000
757.000000	0.000157	0.000062	0.000000
758.000000	0.000147	0.000058	0.000000
759.000000	0.000136	0.000054	0.000000
760.000000	0.000126	0.000050	0.000000
761.000000	0.000119	0.000047	0.000000
762.000000	0.000112	0.000044	0.000000
763.000000	0.000104	0.000042	0.000000
764.000000	0.000097	0.000039	0.000000
765.000000	0.000090	0.000036	0.000000
766.000000	0.000085	0.000034	0.000000
767.000000	0.000080	0.000032	0.000000
768.000000	0.000075	0.000029	0.000000
769.000000	0.000070	0.000027	0.000000
770.000000	0.000065	0.000025	0.000000
771.000000	0.000061	0.000024	0.000000
772.000000	0.000057	0.000022	0.000000
773.000000	0.000054	0.000021	0.000000
774.000000	0.000050	0.000019	0.000000
775.000000	0.000046	0.000018	0.000000
776.000000	0.000043	0.000017	0.000000
777.000000	0.000041	0.000016	0.000000
778.000000	0.000038	0.000015	0.000000
779.000000	0.000036	0.000014	0.000000
780.000000	0.000000	0.000000	0.000000
